695683
917626
200496
36064
36659
584552
580423
533022
156454
739281
776165
692590
89151
837836
191379
466012
804736
502947
876236
572889
924711
574304
358944
193185
495806
217237
565037
6644
438087
379500
606324
796580
764140
158631
186984
786084
306556
954480
135752
945291
550772
513458
402965
114647
511418
122904
644305
603026
495666
630853
148698
92194
506066
875278
344009
738244
308642
487052
239151
125829
184281
987836
986930
467417
105413
793563
120989
689508
649912
566491
885457
766679
367364
567746
783370
368856
192822
938219
224714
425049
158738
931959
960843
252423
884488
397006
490817
260862
444270
399701
795138
428973
12744
818161
150773
224307
482080
66735
829441
946630
474703
208765
893207
931682
395721
628010
711525
884095
3765
766880
974008
28938
777178
520275
547031
966375
473138
491328
964896
183076
222275
147528
364198
103406
680314
887142
132469
276070
373419
339975
889111
408547
901590
490346
835728
649974
919777
196328
760991
909080
914953
308695
730494
454692
969307
632619
724442
823836
229782
67873
554534
835161
454158
273528
560824
911891
291685
3732
959936
161240
207104
451241
122535
714038
58545
583680
847051
462243
469428
103806
360365
114109
863869
270212
977387
401227
650777
716981
317688
256560
178779
598003
149627
293652
195575
587793
963411
795166
581574
205471
293630
547454
715394
783463
504277
784704
521661
683642
409073
338289
194647
557713
334215
942002
743637
739991
694174
865446
256123
447593
871840
827145
498337
209167
825533
688190
433258
248153
251459
758210
535344
722678
529165
471607
198889
774770
138954
753253
949405
681406
18818
933610
806979
517894
427595
354596
438567
129344
669178
831592
359200
248453
803435
712119
932560
600319
548588
902311
846148
955964
888322
470995
700528
402445
808828
522224
101464
320824
764573
753260
543391
773539
297072
381547
845464
550023
438206
681723
673026
806216
744689
583040
676118
828463
105717
353492
799831
314966
714625
528228
732622
212157
491638
308785
402317
568862
820868
841957
455035
257438
611605
270073
412342
711228
312628
259815
846099
176964
648249
836145
838675
518923
219495
509594
453452
469461
127477
808819
386580
437232
690452
194267
565467
78319
967615
901056
644291
752721
86265
199716
101674
786138
4360
668877
122542
98383
139140
496520
280376
298122
239779
274293
542911
871549
555049
24512
921018
790516
177387
888980
814057
200368
953342
357687
161791
480759
187019
559331
486454
879719
311374
285427
222758
522358
104245
907422
301653
173164
610774
1882
675732
700951
642238
97308
855084
185909
411006
505395
83729
96139
61696
823445
15075
38790
903394
381829
715336
214146
900526
463936
59328
269232
587362
716496
497385
7787
889620
314922
885127
31517
819919
668698
407263
300972
474711
410995
169005
97346
248481
22544
959610
209211
502224
96383
285904
585518
623934
381877
386212
226408
258825
770915
761753
708544
961051
849810
267019
73685
217016
645601
120537
798612
85228
356174
739055
446505
785022
571395
561254
632394
134285
849840
915593
165227
840620
242021
855935
50918
186075
655858
442035
272174
119770
663231
469599
246773
483090
602477
108719
688632
812558
226353
720311
481613
736310
510166
613
53697
77948
749706
576034
978207
699363
485684
553609
136680
651391
430210
293509
774714
182610
191411
298088
601850
551001
250139
336328
709536
410375
185116
970279
366497
375144
554593
285193
599752
239677
173994
68041
722287
77649
729711
674728
618602
852622
311027
536204
66706
418229
938099
343850
953623
827265
32286
599069
580336
342854
235803
223119
832616
805367
209721
628227
293901
366043
441945
578974
653445
121200
898720
94580
100441
464757
636723
843587
823768
480486
570549
731830
413610
860961
740484
523033
309121
814118
46946
977501
962190
72319
65439
356354
559623
951409
444418
188934
343885
95827
936632
461189
747684
706144
772025
191214
180492
849320
302015
624771
179578
537770
565124
867333
797475
376396
974987
252331
599546
729501
294976
954771
98726
701521
29490
569783
184569
344533
236713
778761
701395
480294
726228
949
836995
864180
429380
42055
964169
641469
557353
903959
269398
487428
519396
468587
411654
528134
402755
524968
389510
790608
289243
33396
348333
808457
540802
271522
538944
521285
140499
609699
277267
673225
320011
408840
781625
741473
50251
297791
861013
234371
450880
289227
721810
779505
40235
345978
669935
560032
89480
58660
306385
547284
659964
167651
647342
795505
190527
620372
65938
212512
1908
772379
465341
826390
741348
485100
828165
276512
94880
691961
631730
680869
102137
63905
987705
331841
272339
705068
126604
950955
220415
383783
840005
207367
502131
442253
115304
456822
319845
568273
253890
471395
729644
488330
25337
820674
617551
391553
359828
247860
148319
961046
695580
368678
780548
93269
481593
253453
936489
810023
656964
86439
885390
775375
741259
807759
983619
247717
256602
242056
846575
344501
215873
256226
678997
46575
860573
370557
896284
361508
659576
570109
727162
427269
921013
88229
416588
50587
688757
930610
32343
888698
653598
785401
704272
451502
461965
316451
967011
179278
804934
545851
467380
323338
42949
234874
970320
168892
565681
224641
129567
462629
395114
21500
333690
545961
941322
337296
3008
644788
237863
292100
582865
141112
220064
830806
675702
109450
242908
332822
151509
527788
318594
987347
196292
97983
107252
708245
944588
759953
978462
799220
751926
670455
123538
190696
390733
354559
146265
624504
523060
937688
895975
846025
992199
705380
983158
766797
737117
802580
242796
538070
689532
736123
375708
819793
234972
607702
410414
464627
60248
949265
975612
448503
907705
512006
828099
443609
244050
579852
331423
967172
623363
513000
9937
641849
800079
986159
557801
820740
877948
861302
141281
259302
364454
15207
147630
356907
528832
104171
859227
718160
634940
323208
450412
423517
379734
820013
742005
919828
657338
190797
288802
119560
447366
403803
147890
273388
71371
403446
31502
169251
503764
988985
720742
352817
858571
200561
686124
154210
457426
851303
827999
137302
2702
650946
643436
50461
522487
968385
180605
693194
854463
248979
295204
934392
284528
963959
522671
74142
741935
220319
4000
704282
234542
215160
767574
875837
243601
338124
6636
167032
317765
272952
794896
800552
520465
803375
11026
855143
627644
793379
329533
691606
302155
626468
114218
192530
919310
887192
204433
401989
482811
499443
246455
370863
838094
741941
521126
820734
142391
177252
204674
308808
783294
638200
579829
558092
896662
531905
884372
635092
977056
545645
127690
744415
307157
788865
412130
3631
22658
55093
480738
244342
393829
312753
748051
277439
92498
619469
743620
764377
609584
975727
116168
627065
420626
83737
620693
439304
136901
22211
130920
258693
225140
579134
484964
276368
94717
364299
614372
108895
744303
499760
121540
197045
960572
994508
872942
379549
784253
443207
168668
606726
610139
786268
813755
98416
908317
120693
801312
368496
623589
407454
472893
554090
408786
281063
295668
885194
913512
